sciana
170
0
500
100
500
200
500
600
500
700
500
800
500
0
400
100
400
200
400
600
400
700
400
800
400
0
300
100
300
200
300
600
300
700
300
800
300
0
200
100
200
200
200
600
200
700
200
800
200
0
100
100
100
200
100
600
100
700
100
800
100
0
0
100
0
200
0
300
0
500
0
600
0
700
0
800
0
0
-100
100
-100
200
-100
300
-100
500
-100
600
-100
700
-100
800
-100
0
-200
100
-200
700
-200
800
-200
0
-300
400
-300
800
-300
0
-400
100
-400
700
-400
800
-400
0
-500
400
-500
800
-500
0
-600
100
-600
700
-600
800
-600
0
-700
100
-700
200
-700
600
-700
700
-700
800
-700
0
-800
100
-800
200
-800
300
-800
500
-800
600
-800
700
-800
800
-800
0
-900
100
-900
200
-900
600
-900
700
-900
800
-900
0
-1000
100
-1000
700
-1000
800
-1000
0
-1100
400
-1100
800
-1100
0
-1200
100
-1200
700
-1200
800
-1200
0
-1300
100
-1300
200
-1300
600
-1300
700
-1300
800
-1300
0
-1400
100
-1400
200
-1400
300
-1400
500
-1400
600
-1400
700
-1400
800
-1400
0
-1500
100
-1500
200
-1500
300
-1500
700
-1500
800
-1500
0
-1600
100
-1600
200
-1600
300
-1600
400
-1600
800
-1600
0
-1700
100
-1700
200
-1700
300
-1700
400
-1700
700
-1700
800
-1700
0
-1800
100
-1800
200
-1800
300
-1800
600
-1800
700
-1800
800
-1800
0
-1900
100
-1900
200
-1900
300
-1900
500
-1900
600
-1900
700
-1900
800
-1900
0
-2000
100
-2000
200
-2000
600
-2000
700
-2000
800
-2000
0
-2100
100
-2100
200
-2100
600
-2100
700
-2100
800
-2100
0
-2200
100
-2200
200
-2200
600
-2200
700
-2200
800
-2200
0
-2300
100
-2300
200
-2300
300
-2300
400
-2300
500
-2300
600
-2300
700
-2300
800
-2300
0
-2400
100
-2400
200
-2400
300
-2400
400
-2400
500
-2400
600
-2400
gracz
1
400
400
0
portal
1
400
-2150
bonus
13
400
0
460
-100
300
-250
300
-350
300
-450
600
-250
600
-350
600
-450
300
-1000
350
-1100
400
-1200
600
-1700
550
-1800
apteka
1
250
-450
przeszkoda
6
300
-550
600
-300
600
-400
600
-500
550
-1000
600
-1100
INFO
1
50
600
