sciana
146
0
500
100
500
200
500
600
500
700
500
800
500
0
400
100
400
200
400
600
400
700
400
800
400
0
300
100
300
200
300
600
300
700
300
800
300
0
200
100
200
200
200
600
200
700
200
800
200
0
100
100
100
200
100
600
100
700
100
800
100
0
0
100
0
200
0
300
0
500
0
600
0
700
0
800
0
0
-100
100
-100
200
-100
300
-100
500
-100
600
-100
700
-100
800
-100
0
-200
100
-200
700
-200
800
-200
0
-300
100
-300
400
-300
700
-300
800
-300
0
-400
300
-400
400
-400
500
-400
800
-400
0
-500
200
-500
300
-500
400
-500
500
-500
600
-500
800
-500
0
-600
300
-600
400
-600
500
-600
800
-600
0
-700
100
-700
400
-700
700
-700
800
-700
0
-800
100
-800
200
-800
600
-800
700
-800
800
-800
0
-900
100
-900
200
-900
400
-900
600
-900
700
-900
800
-900
0
-1000
400
-1000
600
-1000
700
-1000
800
-1000
0
-1100
400
-1100
600
-1100
700
-1100
800
-1100
0
-1200
400
-1200
600
-1200
700
-1200
800
-1200
0
-1300
100
-1300
200
-1300
600
-1300
700
-1300
800
-1300
0
-1400
100
-1400
200
-1400
300
-1400
500
-1400
600
-1400
700
-1400
800
-1400
0
-1500
100
-1500
200
-1500
600
-1500
700
-1500
800
-1500
0
-1600
100
-1600
200
-1600
600
-1600
700
-1600
800
-1600
0
-1700
100
-1700
200
-1700
600
-1700
700
-1700
800
-1700
0
-1800
100
-1800
200
-1800
300
-1800
400
-1800
500
-1800
600
-1800
700
-1800
800
-1800
gracz
1
400
400
0
portal
1
425
-1550
bonus
11
250
-250
300
-300
550
-250
600
-300
150
-450
150
-550
150
-1000
200
-1050
250
-1100
300
-1150
150
-1150
apteka
1
250
-1200
przeszkoda
3
250
-700
250
-1150
300
-1050
INFO
1
50
600