sciana
198
0
500
100
500
200
500
600
500
700
500
800
500
0
400
100
400
200
400
600
400
700
400
800
400
0
300
100
300
200
300
600
300
700
300
800
300
0
200
100
200
200
200
600
200
700
200
800
200
0
100
100
100
200
100
600
100
700
100
800
100
0
0
100
0
200
0
300
0
500
0
600
0
700
0
800
0
0
-100
100
-100
200
-100
300
-100
500
-100
600
-100
700
-100
800
-100
0
-200
100
-200
200
-200
300
-200
600
-200
700
-200
800
-200
0
-300
100
-300
200
-300
300
-300
400
-300
700
-300
800
-300
0
-400
100
-400
200
-400
300
-400
400
-400
500
-400
700
-400
800
-400
0
-500
100
-500
700
-500
800
-500
0
-600
100
-600
400
-600
500
-600
700
-600
800
-600
0
-700
100
-700
400
-700
500
-700
700
-700
800
-700
0
-800
100
-800
400
-800
500
-800
700
-800
800
-800
0
-900
100
-900
200
-900
700
-900
800
-900
0
-1000
100
-1000
200
-1000
300
-1000
600
-1000
700
-1000
800
-1000
0
-1100
100
-1100
200
-1100
300
-1100
600
-1100
700
-1100
800
-1100
0
-1200
100
-1200
200
-1200
500
-1200
600
-1200
700
-1200
800
-1200
0
-1300
100
-1300
400
-1300
500
-1300
600
-1300
700
-1300
800
-1300
0
-1400
300
-1400
400
-1400
800
-1400
0
-1500
200
-1500
300
-1500
400
-1500
700
-1500
800
-1500
0
-1600
600
-1600
700
-1600
800
-1600
0
-1700
100
-1700
300
-1700
400
-1700
600
-1700
700
-1700
800
-1700
0
-1800
100
-1800
400
-1800
600
-1800
700
-1800
800
-1800
0
-1900
100
-1900
200
-1900
400
-1900
600
-1900
700
-1900
800
-1900
0
-2000
100
-2000
200
-2000
600
-2000
700
-2000
800
-2000
0
-2100
100
-2100
200
-2100
300
-2100
500
-2100
600
-2100
700
-2100
800
-2100
0
-2200
100
-2200
200
-2200
600
-2200
700
-2200
800
-2200
0
-2300
100
-2300
200
-2300
600
-2300
700
-2300
800
-2300
0
-2400
100
-2400
200
-2400
600
-2400
700
-2400
800
-2400
0
-2500
100
-2500
200
-2500
300
-2500
400
-2500
500
-2500
600
-2500
700
-2500
800
-2500
gracz
1
400
400
0
portal
1
400
-2350
bonus
26
200
-500
250
-600
300
-700
200
-750
600
-550
630
-650
660
-750
550
-1050
500
-1400
550
-1400
600
-1400
650
-1400
500
-1350
550
-1350
600
-1350
650
-1350
700
-1350
500
-1450
550
-1450
600
-1450
650
-1450
220
-1700
240
-1750
570
-1700
500
-1800
570
-1900
apteka
1
200
-1800
przeszkoda
12
300
-500
300
-750
600
-800
660
-550
620
-900
470
-1100
210
-1650
270
-1800
310
-1900
500
-1700
570
-1800
500
-1900
INFO
1
50
600